image: paragon_4fl_complete.png
resolution: 0.030000
origin: [0.000000, 0.000000, 0.000000]
negate: 0
occupied_thresh: 0.65
free_thresh: 0.196

