image: paragon_3fl.pgm
resolution: 0.030000
origin: [-39.990000, -103.350000, 0.000000]
negate: 0
occupied_thresh: 0.65
free_thresh: 0.196

